,Unnamed: 0,Date,slope,5,10,15,49,54,61,66,74,95,101,107,124,129,134,138,144,149,184,189,195,201,206,211,254,260,265,270,309,316,328,334,346,351,368,374,386,391,396,400,1
48,5473,1/3/2014 00:00,4.347536788,-16.96,-17.34,-18.61,-17.04,-18.7,-17.3,-17.81,-19.29,-16.7,-17.86,-18.34,-17.47,-17.38,-18.79,-17.13,-17.64,-18.52,-18.61,-17.86,,-17.13,-17.55,-18.61,-17.73,,-17.38,-17.9,-19.89,-19.61,,-19.15,-19.1,-18.39,-17.81,-19.24,,-19.47,-18.16,,
51,5476,1/3/2014 03:00,-1.603179509,-19.01,-19.29,-17.55,-17.04,-19.1,-18.47,-18.16,-18.16,-19.29,-17.3,-17.55,-18.61,-17.86,-17.55,-19.19,-17.42,-17.64,-17.73,-17.21,,-18.65,-18.34,-17.21,-16.83,,-19.19,-19.29,-19.33,-19.42,,-19.24,-19.06,-18.47,-19.29,-19.7,,-19.7,-18.16,,
75,5500,1/4/2014 03:00,5.560485761,-21.87,-22.12,-18.97,-16.33,-23.67,-21.52,-22.37,-17.04,-19.65,-17.73,-17.3,-21.13,-21.72,-16.49,-20.69,-18.79,-18.39,-17.21,-19.06,,-23.73,-20.36,-16.62,-19.33,,-19.75,-21.92,-20.55,-20.07,,-21.77,-22.63,-22.42,-20.17,-20.26,,-19.01,-23.52,,
92,5517,1/4/2014 20:00,3.379681365,-13.66,-14.12,-13.09,-13.62,-16.37,-13.16,-14.2,-10.27,-14.67,-10.65,-13.32,-14.08,-13.77,-12.27,-15.02,-11.36,-12.71,-12.42,-11.43,,-16.45,-12.2,-10.27,-12.75,,-10.2,-11.98,-12.45,-13.51,,-14.75,-13.97,-13.54,-11.04,-14.28,,-12.16,-14.28,,
120,5545,1/6/2014 00:00,-1.228060367,-1.07,-1.13,-1.73,-1.3,-0.62,-0.87,-1.13,-2.19,-0.82,-1.93,-2.28,-0.79,-0.9,-1.81,-1.04,-1.3,-1.79,-1.58,-0.9,,-0.51,-0.82,-1.7,-1.07,,-0.9,-0.99,-0.7,-0.59,,-0.12,-0.56,-0.9,-1.41,-0.93,,-0.85,-0.7,,
126,5551,1/6/2014 06:00,2.918971038,1.04,1.91,1.64,0.44,0.27,1.32,1.86,2.02,0.85,0.66,-0.03,2.45,2.34,0.88,0.5,0.36,0.02,0.63,2.34,,1.91,2.32,1.72,1.64,,1.78,3.41,3.14,2.21,,2.4,1.43,0.58,1.21,1.26,,1.51,0.08,,
135,5560,1/6/2014 15:00,-0.858786304,2.07,2.4,1.48,1.91,2.8,0.8,1.75,0.88,2.5,0.88,-0.06,2.16,1.91,1.1,2.5,2.02,0.38,0.41,1.24,,2.02,2.05,0.41,0.25,,1.86,1.37,3.41,3.01,,3.38,2.66,2.16,2.9,3.41,,2.66,2.5,,
214,5639,1/9/2014 22:00,2.710354654,-13.89,-14.98,-14.28,-14.43,-18.61,-14.59,-15.18,-13.24,-15.35,-13.81,-13.32,-15.06,-14.28,-13.7,-16.37,-14.87,-14.47,-14.71,-14.47,,-18.43,-12.64,-12.45,-13.85,,-13.01,-14.47,-13.54,-14.79,,-15.87,-15.63,-14.55,-13.43,-15.43,,,-15.47,,
269,5694,1/12/2014 05:00,-0.270142454,1.07,1.53,0.27,0.99,2.37,0.8,0.83,0.0,1.97,0.05,-0.51,1.15,1.18,0.05,1.67,1.4,-0.12,-0.12,0.61,,1.81,1.51,-0.17,-0.12,,1.26,0.83,2.07,1.43,,2.69,1.32,1.21,1.37,2.16,,,1.24,,
311,5736,1/13/2014 23:00,0.170180551,0.19,0.05,-0.03,-0.2,-1.41,0.85,0.25,1.24,-0.26,0.38,-0.59,0.63,0.33,0.16,-0.06,-0.14,-0.79,-0.28,0.74,,-1.36,1.97,1.62,0.61,,0.44,1.86,1.32,1.7,,0.77,0.5,0.5,0.55,0.14,,,-0.45,,
331,5756,1/14/2014 19:00,-0.417398705,1.15,0.63,0.36,0.99,0.61,0.61,0.69,-0.06,1.34,0.08,0.05,1.07,0.55,0.08,1.34,0.72,0.02,0.11,0.55,,0.88,0.83,0.11,0.16,,0.93,0.52,1.75,1.83,,1.37,1.45,1.18,1.34,1.64,,,0.99,,
359,5784,1/15/2014 23:00,0.74703545,-0.59,-0.4,-0.79,-0.82,-2.16,-0.76,-0.73,-0.93,-0.96,-1.07,-1.53,-0.87,-0.82,-1.13,-1.76,-1.07,-1.36,-1.33,-0.51,,-1.93,-0.34,-0.7,-1.3,,-0.45,-0.4,0.5,-0.48,,-0.51,-0.68,-0.96,-0.45,-0.9,,,-1.13,,
365,5790,1/16/2014 05:00,-0.818096592,-0.31,-0.42,-0.96,-0.68,-0.51,-0.59,-0.76,-1.41,-0.34,-1.13,-1.56,-0.54,-0.56,-1.1,-0.42,-0.73,-1.36,-1.44,-0.9,,-0.62,-0.45,-0.96,-1.36,,-0.56,-0.73,0.3,0.11,,0.11,-0.28,-0.14,-0.45,-0.14,,,-0.37,,
414,5839,1/18/2014 06:00,0.232013747,-4.62,-5.2,-5.51,-4.83,-6.96,-4.77,-5.51,-5.79,-5.79,-5.23,-5.51,-5.26,-5.2,-5.3,-6.11,-5.3,-5.57,-5.7,-5.2,,-7.28,-4.53,-5.08,-5.57,,-5.05,-4.99,-4.26,-5.26,,-5.54,-5.7,-4.77,-4.05,-5.48,,,-5.02,,
420,5845,1/18/2014 12:00,-0.125689973,-0.9,-0.03,-0.31,-0.68,-0.48,-0.45,0.02,-0.45,0.22,-2.74,-3.18,1.18,-0.14,-1.7,-0.12,-0.45,-2.25,-2.22,-0.4,,0.96,0.27,-1.36,-1.93,,-0.34,-0.03,0.61,0.61,,1.43,0.52,-0.09,-0.14,0.11,,,-0.4,,
632,6057,1/27/2014 08:00,0.332014196,-10.23,-10.2,-11.15,-10.76,-10.02,-9.85,-10.13,-11.08,-9.78,-9.82,-10.16,-9.75,-9.64,-10.62,-10.41,-11.08,-11.4,-10.76,-10.72,,-10.02,-9.85,-6.52,-11.36,,-9.95,-10.51,-9.54,-9.47,,-9.47,-10.65,-10.34,-10.48,-9.82,,,-10.2,,
638,6063,1/27/2014 14:00,-8.065188142,-6.11,-5.95,-6.9,-6.39,-4.65,-6.87,-6.45,-8.07,-5.23,-7.84,-8.93,-5.89,-6.29,-7.41,-5.45,-6.45,-7.9,-7.8,-6.71,,-5.45,-6.29,-8.53,-7.54,,-6.42,-6.83,-4.47,-4.5,,-3.99,-3.42,-3.33,-5.57,-4.96,,,-3.63,,
673,6098,1/29/2014 01:00,2.273031702,-16.53,-17.0,-17.3,-17.3,-19.93,-17.04,-17.77,-17.68,-16.74,-16.62,-17.94,-16.62,-16.58,-17.38,-16.28,-16.04,-17.21,-17.47,-17.51,,-16.83,-16.53,-17.68,-18.88,,-16.62,-16.7,-16.96,-17.04,,-16.83,-17.55,-17.04,-17.51,-17.38,,,-17.73,,
683,6108,1/29/2014 11:00,-3.403095465,-12.23,-10.37,-10.13,-14.04,-13.77,-12.83,-9.58,-13.43,-13.51,-15.18,-16.0,-9.89,-11.94,-13.66,-13.51,-13.89,-15.83,-15.47,-12.27,,-10.37,-10.76,-14.43,-13.24,,-13.05,-12.57,-10.72,-11.43,,-9.78,-9.61,-10.62,-13.7,-13.77,,,-12.01,,
719,6144,1/30/2014 23:00,0.538874518,-10.86,-11.58,-11.72,-11.4,-14.91,-11.11,-11.79,-12.12,-12.31,-11.29,-12.38,-11.69,-11.22,-11.94,-12.09,-11.33,-12.23,-12.05,-11.08,,-14.04,-11.15,-11.51,-10.83,,-11.22,-11.15,-10.37,-11.08,,-11.58,-10.37,-11.51,-10.9,-11.43,,,-12.27,,
722,6147,1/31/2014 02:00,-0.981176966,-10.72,-11.01,-12.12,-11.08,-11.4,-10.23,-10.86,-10.97,-10.69,-10.51,-11.65,-10.02,-10.09,-10.62,-11.08,-10.48,-11.01,-11.43,-10.93,,-11.87,-9.0,-9.92,-11.65,,-10.76,-9.68,-10.09,-10.09,,-9.24,-9.41,-10.65,-11.18,-10.37,,,-11.51,,
728,6153,1/31/2014 08:00,3.202487082,-10.51,-11.08,-8.93,-10.58,-11.98,-9.47,-9.07,-8.73,-10.58,-7.97,-9.07,-8.73,-8.26,-9.37,-9.68,-7.12,-8.66,-8.6,-8.4,,-7.64,-8.23,-9.54,-10.06,,-8.17,-8.43,-10.02,-10.23,,-10.23,-10.3,-10.09,-9.78,-11.01,,,-10.65,,
732,6157,1/31/2014 12:00,-6.592947001,-2.65,-2.22,-2.48,-2.68,-1.7,-2.63,-1.76,-3.09,-2.13,-4.59,-5.2,-2.22,-2.22,-3.72,-2.63,-2.92,-4.71,-4.35,-2.54,,-0.65,-1.53,-4.23,-4.14,,-3.09,-2.51,-1.1,-0.87,,0.5,-0.2,-0.79,-2.33,-1.87,,,-0.56,,
766,14207,1/1/2015 22:00,1.667188823,-7.35,-7.35,-8.7,-7.51,-7.87,-7.22,-8.07,,-7.09,-8.0,-9.68,-6.87,-7.16,-8.2,-6.61,-7.16,-8.63,-8.13,,-7.28,-7.06,,-8.43,,-8.53,-7.61,,-7.45,-7.54,-7.58,-7.12,-8.17,,-6.83,-7.28,-8.0,-6.96,-7.61,-7.03,-7.19
773,14214,1/2/2015 05:00,-2.247949681,-5.64,-5.92,-7.28,-6.14,-4.53,-6.14,-6.39,,-5.14,-7.12,-8.0,-5.79,-5.95,-7.32,-5.51,-6.14,-7.22,-7.41,,-5.89,-5.39,,-7.61,,-6.64,-5.95,,-5.42,-5.08,-6.29,-4.32,-4.83,,-5.76,-4.71,-4.41,-4.9,-7.16,-4.02,-6.01
818,14259,1/4/2015 02:00,2.486473268,-4.41,-4.77,-5.48,-3.96,-4.26,-4.71,-4.93,,-4.29,-5.57,-5.64,-4.41,-4.71,-5.45,-4.32,-4.47,-5.51,-5.17,,-4.32,-4.29,,-5.51,,-4.41,-4.23,,-4.05,-3.54,-4.41,-3.63,-5.26,,-4.47,-4.26,-3.96,-4.68,-6.07,-5.33,-4.17
840,14281,1/5/2015 00:00,-2.284111097,0.88,1.15,0.3,0.52,2.29,0.3,0.77,,1.7,-0.03,-0.59,0.93,0.85,0.22,1.59,0.93,-0.4,-0.4,,0.91,1.24,,-0.12,,0.3,0.91,,1.75,1.89,0.93,2.45,1.02,,0.99,2.07,1.91,1.81,1.04,2.13,1.15
888,14329,1/7/2015 00:00,0.981809068,-16.49,-17.13,-17.42,-16.49,-18.97,-16.45,-17.21,,-17.42,-16.2,-17.17,-16.79,-16.91,-16.16,-17.55,-16.37,-16.53,-16.83,,-15.95,-18.34,,-16.45,,-16.16,-15.14,,-15.79,-16.7,-16.2,-17.3,-16.79,,-16.49,-16.53,-17.34,-15.71,-16.28,-16.37,-16.24
899,14340,1/7/2015 11:00,-1.51455816,-12.23,-12.16,-11.43,-13.24,-11.94,-12.05,-11.79,,-12.42,-14.83,-14.98,-9.61,-11.61,-13.05,-12.38,-13.58,-14.71,-13.85,,-13.05,-10.09,,-13.93,,-12.9,-12.6,,-10.13,-10.02,-11.33,-9.0,-10.93,,-12.83,-12.01,-11.22,-12.23,-12.16,-11.54,-9.92
930,14371,1/8/2015 18:00,0.075506744,-17.51,-16.7,-17.3,-17.3,-19.42,-16.45,-17.3,,-17.55,-16.33,-17.99,-15.31,-15.95,-16.87,-16.2,-15.87,-17.04,-17.47,,-16.41,-17.55,,-16.87,,-17.55,-16.87,,-16.79,-16.7,-15.95,-16.83,-16.2,,-15.1,-16.45,-17.6,-15.63,-16.28,-15.18,-16.79
935,14376,1/8/2015 23:00,-1.618026232,-15.75,-16.0,-16.74,-16.66,-18.25,-15.83,-16.04,,-16.33,-16.37,-17.13,-15.87,-15.55,-16.49,-16.12,-16.28,-16.91,-16.58,,-15.75,-17.04,,-16.12,,-16.28,-15.55,,-14.75,-14.95,-15.47,-13.89,-14.55,,-16.16,-15.63,-15.83,-14.67,-16.96,-14.12,-15.55
945,14386,1/9/2015 09:00,0.421263011,-13.66,-13.73,-14.28,-13.09,-13.2,-12.16,-12.23,,-13.2,-13.77,-14.51,-11.22,-11.36,-12.75,-11.58,-12.53,-13.7,-13.35,,-11.61,-10.79,,-12.94,,-11.58,-11.36,,-12.6,-12.86,-13.7,-12.16,-12.38,,-13.54,-12.83,-12.6,-13.01,-12.83,-12.49,-13.47
949,14390,1/9/2015 13:00,-6.295432208,-8.66,-8.13,-8.07,-8.66,-7.48,-8.5,-7.9,,-7.87,-10.86,-11.15,-7.94,-8.43,-9.85,-8.23,-9.0,-10.41,-10.16,,-8.7,-7.84,,-10.55,,-9.03,-8.66,,-6.96,-6.9,-8.0,-5.89,-6.01,,-8.5,-7.48,-7.03,-8.17,-6.96,-6.58,-7.94
980,14421,1/10/2015 20:00,0.648051549,-15.18,-15.26,-16.66,-16.41,-17.0,-15.26,-15.67,,-14.71,-15.91,-17.08,-15.06,-14.67,-16.37,-14.91,-15.06,-16.41,-16.62,,-15.18,-15.55,,-16.62,,-16.12,-15.35,,-15.47,-14.87,-15.75,-15.55,-15.59,,-15.51,-15.63,-16.45,-14.35,-15.79,-13.97,-15.79
996,14437,1/11/2015 12:00,-0.277667244,-11.25,-10.9,-11.33,-11.04,-10.44,-10.79,-10.27,,-10.48,-11.11,-11.87,-9.95,-10.44,-11.29,-10.51,-10.51,-10.83,-10.93,,-10.55,-9.89,,-11.33,,-9.82,-10.02,,-10.27,-10.02,-10.93,-9.89,-9.92,,-10.3,-10.16,-10.51,-10.51,-10.9,-10.41,-10.86
1007,14448,1/11/2015 23:00,0.561885755,-9.13,-9.2,-9.27,-8.46,-9.68,-9.34,-9.2,,-9.44,-8.53,-8.76,-9.34,-9.54,-8.83,-9.78,-8.73,-8.3,-8.03,,-8.76,-9.75,,-8.76,,-8.86,-8.8,,-8.26,-9.0,-8.66,-8.93,-9.13,,-8.83,-9.0,-9.34,-8.53,-9.07,-9.07,-8.13
1027,14468,1/12/2015 19:00,-0.961862305,-3.24,-3.39,-4.23,-3.66,-2.74,-3.54,-3.6,,-2.65,-4.41,-5.11,-3.18,-3.39,-4.23,-2.83,-3.39,-4.56,-4.68,,-3.21,-2.8,,-4.65,,-3.75,-3.24,,-2.6,-2.65,-3.51,-2.51,-2.42,,-3.33,-2.57,-2.95,-2.51,-4.05,-2.28,-3.45
1053,14494,1/13/2015 21:00,3.558126127,-17.13,-17.51,-16.04,-15.31,-19.61,-16.87,-17.21,,-18.92,-14.91,-13.43,-17.77,-16.66,-16.62,-18.97,-16.08,-15.35,-15.47,,-16.33,-20.21,,-14.98,,-15.63,-16.87,,-17.3,-18.3,-15.35,-18.79,-18.08,,-16.53,-17.94,-18.39,-16.66,-17.94,-17.21,-15.55
1069,14510,1/14/2015 13:00,-2.278947358,-10.37,-9.41,-9.41,-10.72,-9.27,-9.61,-8.56,,-9.61,-11.01,-11.22,-5.76,-8.46,-10.51,-9.61,-10.09,-11.11,-10.79,,-10.16,-8.0,,-9.95,,-9.82,-9.61,,-8.36,-9.24,-8.93,-6.9,-7.61,,-9.61,-9.85,-9.17,-10.02,-8.76,-8.86,-9.3
1084,14525,1/15/2015 04:00,1.196378951,-13.2,-14.67,-13.81,-13.05,-16.37,-13.85,-14.98,,-14.47,-13.28,-12.57,-14.16,-13.77,-13.93,-15.55,-13.81,-13.51,-13.93,,-13.51,-16.96,,-13.13,,-13.66,-13.13,,-12.71,-14.43,-12.45,-14.83,-14.2,,-12.01,-13.47,-14.08,-11.36,-13.62,-13.16,-12.12
1095,14536,1/15/2015 15:00,-0.743490692,-4.87,-4.8,-4.56,-4.68,-4.47,-4.17,-3.72,,-4.29,-5.33,-6.26,-3.81,-3.93,-4.93,-3.9,-4.65,-5.89,-5.92,,-3.57,-3.04,,-5.14,,-4.2,-4.47,,-4.59,-4.47,-5.26,-4.11,-4.11,,-4.93,-4.74,-4.47,-4.56,-3.96,-4.32,-5.08
1157,14598,1/18/2015 05:00,0.384079424,-13.32,-13.93,-13.43,-12.9,-15.87,-13.58,-14.12,,-14.51,-11.58,-11.79,-14.59,-14.31,-11.79,-15.35,-14.75,-14.24,-13.2,,-13.73,-16.12,,-9.61,,-13.2,-13.28,,-11.87,-14.04,-11.76,-14.28,-12.86,,-12.79,-14.04,-13.43,-11.79,-15.35,-11.33,-11.72
1177,14618,1/19/2015 01:00,-3.357187699,0.05,0.08,-0.06,-0.23,0.38,-0.14,-0.06,,0.16,-0.14,-1.24,-0.12,0.0,-0.28,-0.12,-0.26,-0.62,-1.21,,-0.06,0.02,,-0.85,,-0.73,-0.14,,0.55,0.27,0.16,0.77,1.07,,-0.06,0.27,0.61,0.27,0.99,1.1,0.33
1249,14690,1/22/2015 01:00,1.034166151,-8.66,-9.13,-9.68,-8.43,-12.09,-8.63,-9.75,,-9.68,-9.58,-9.78,-9.3,-8.8,-9.71,-10.13,-9.41,-9.44,-9.61,,-8.93,-11.43,,-9.27,,-9.58,-8.66,,-7.35,-8.3,-8.0,-9.41,-9.2,,-8.36,-8.83,-9.3,-6.96,-9.13,-8.86,-7.77
1260,14701,1/22/2015 12:00,-3.47580512,-3.57,-2.57,-1.36,-4.83,-3.63,-3.51,-1.84,,-4.17,-5.79,-6.42,-0.26,-1.93,-4.29,-3.75,-4.29,-6.39,-5.73,,-4.96,-1.02,,-4.62,,-3.57,-4.2,,-0.7,-1.19,0.44,1.45,0.33,,-3.24,-3.15,-2.77,-4.41,-2.86,-1.81,-0.12
1294,14735,1/23/2015 22:00,0.25809528,-9.41,-10.16,-9.54,-9.85,-12.83,-9.2,-10.2,,-9.2,-8.73,-9.07,-10.16,-9.61,-8.8,-10.02,-8.83,-8.13,-8.33,,-9.1,-10.23,,-8.8,,-10.3,-8.03,,-8.26,-8.86,-6.9,-9.17,-9.2,,-8.2,-8.86,-9.95,-7.54,-9.41,-7.71,-8.17
1311,14752,1/24/2015 15:00,-1.880340316,-1.58,-1.53,-2.86,-1.87,-1.19,-1.79,-1.79,,-1.21,-2.98,-2.02,-1.61,-1.93,-3.27,-1.44,-1.79,-2.51,-2.13,,-1.67,-1.38,,-2.6,,-1.76,-2.1,,-0.99,-0.59,-1.84,-0.68,-0.93,,-1.99,-1.04,-1.36,-1.36,-1.36,-1.47,-1.64
1351,14792,1/26/2015 07:00,0.701282902,-17.99,-18.61,-18.03,-16.96,-20.98,-18.97,-19.84,,-20.74,-17.47,-17.55,-20.03,-18.61,-19.06,-20.07,-18.83,-17.99,-18.56,,-18.25,-21.27,,-18.3,,-18.08,-19.65,,-19.1,-19.06,-16.87,-19.15,-19.29,,-16.7,-19.06,-18.88,-18.21,-18.25,-18.47,-17.13
1356,14797,1/26/2015 12:00,-3.534364976,-11.43,-10.65,-11.29,-12.09,-10.86,-11.15,-10.3,,-11.29,-13.58,-13.51,-8.33,-10.2,-12.27,-11.08,-11.72,-13.16,-13.01,,-11.36,-9.0,,-11.51,,-10.51,-10.97,,-9.58,-10.09,-10.13,-8.33,-8.66,,-11.51,-11.01,-10.16,-11.15,-9.85,-9.99,-10.27
1418,14859,1/29/2015 02:00,0.931117512,-11.51,-12.9,-12.79,-10.37,-18.61,-12.98,-13.39,,-15.06,-11.04,-9.24,-14.47,-13.81,-14.28,-14.2,-11.79,-10.72,-12.6,,-13.16,-17.47,,-12.9,,-12.68,-13.81,,-11.65,-14.79,-11.22,-14.31,-10.58,,-9.89,-13.89,-12.98,-10.58,-14.59,-11.79,-12.45
1430,14871,1/29/2015 14:00,-0.584747829,-3.07,-2.36,-3.33,-3.69,-2.57,-2.39,-1.76,,-2.92,-4.71,-4.71,1.81,-1.87,-3.96,-2.22,-2.31,-4.17,-3.54,,-3.51,-1.13,,-3.33,,-3.27,-2.98,,-1.04,-2.1,-2.22,0.61,-1.33,,-2.57,-2.22,-2.28,-3.36,-2.68,-1.96,-2.16
1473,14914,1/31/2015 09:00,1.517493512,-19.89,-20.12,-21.13,-19.47,-17.73,-19.7,-19.93,,-18.12,-20.5,-20.98,-17.55,-19.33,-21.37,-19.06,-19.61,-20.6,-20.64,,-18.61,-17.68,,-21.37,,-16.7,-13.13,,-19.38,-19.24,-21.32,-19.42,-18.52,,-20.12,-19.98,-19.24,-20.07,-18.25,-19.19,-19.65
1477,14918,1/31/2015 13:00,-2.730305357,-16.41,-14.83,-15.47,-16.45,-14.35,-14.35,-14.43,,-15.06,-17.51,-18.52,-11.94,-12.38,-15.75,-15.02,-15.79,-17.64,-17.64,,-16.87,-13.7,,-16.2,,-16.96,-16.62,,-15.14,-15.35,-16.33,-12.38,-14.35,,-15.87,-15.55,-15.31,-16.33,-14.43,-15.22,-15.22
1607,23064,1/5/2016 23:00,6.2010677,-10.51,-10.76,-10.34,-8.33,-14.28,-11.43,-12.57,,-10.44,-10.23,,-11.08,-11.83,-10.79,-10.93,-11.72,-11.65,-10.02,-10.93,,-14.79,-11.43,-11.43,-11.87,,,,-10.41,-10.09,-11.36,-13.43,-14.67,-13.93,,-9.61,-14.08,-11.94,-14.2,-5.33,
1623,23080,1/6/2016 15:00,-0.375001362,-2.92,-1.99,-1.96,-6.07,-5.36,-3.57,-2.48,,-4.17,-5.7,,0.41,-3.27,-5.02,-5.02,-2.92,-6.29,-5.26,-4.9,,-3.69,-1.58,-3.87,-7.61,,,,-1.02,-1.99,-1.02,0.33,-1.64,-2.48,,-2.8,-2.8,-1.84,-2.6,-2.74,
1630,23087,1/6/2016 22:00,3.045070497,-4.93,-6.45,-5.33,-5.57,-12.75,-6.58,-4.11,,-6.83,-7.28,,-6.52,-6.33,-4.77,-5.67,-3.93,-5.42,-4.59,-5.7,,-8.56,-5.45,-5.05,-7.74,,,,-4.87,-5.48,-3.04,-6.9,-6.29,-7.58,,-5.61,-7.71,-2.04,-8.53,-3.15,
1648,23105,1/7/2016 16:00,-0.426130381,-1.1,-1.79,-1.1,-3.27,-3.93,-1.21,-1.64,,-2.45,-4.53,,-0.48,-1.81,-2.63,-3.63,-2.74,-3.51,-3.27,-3.01,,-3.54,-0.85,-1.76,-4.77,,,,-0.12,-1.47,0.83,-0.76,-1.33,-1.41,,-2.42,-2.02,-0.12,-2.1,-1.79,
1659,23116,1/8/2016 03:00,0.529950704,-5.73,-7.16,-5.76,-5.7,-11.9,-6.39,-7.41,,-7.28,-7.16,,-6.9,-7.03,-6.58,-8.8,-6.39,-6.52,-6.48,-5.17,,-10.86,-6.48,-6.77,-7.06,,,,-5.3,-6.83,-4.47,-8.56,-8.2,-7.8,,-7.35,-8.13,-4.74,-8.7,-3.3,
1670,23127,1/8/2016 14:00,-3.130187807,-1.02,-1.04,-2.1,-1.79,-0.59,-1.21,-1.19,,-0.62,-2.89,,-0.56,-1.07,-2.13,-0.79,-1.5,-2.65,-2.71,-1.67,,-0.54,-0.73,-2.16,-2.74,,,,-0.09,-0.12,-0.85,0.58,1.13,0.83,,-0.48,0.0,-0.62,-0.12,-1.79,
1705,23162,1/10/2016 01:00,0.004029681,0.0,-0.03,-0.48,-0.12,0.11,-0.06,-0.09,,0.05,-0.7,,0.02,0.05,-0.62,-0.06,-0.12,-0.68,-0.68,-0.12,,0.16,0.05,-0.68,-0.73,,,,0.3,0.47,-0.14,0.41,0.0,0.11,,0.08,0.16,0.16,0.0,-0.2,
1729,23186,1/11/2016 01:00,-2.894312316,-0.42,0.05,-1.02,-0.23,0.52,-0.56,-0.73,,0.91,-1.3,,0.16,-0.28,-0.59,0.16,0.14,-1.53,-1.07,-0.48,,0.41,-0.14,-1.64,-0.48,,,,0.66,0.85,-0.17,1.32,0.91,0.99,,0.93,0.44,0.0,1.53,0.0,
1849,23306,1/16/2016 01:00,0.419670198,-3.45,-3.45,-3.78,-3.42,-3.84,-3.57,-3.48,,-3.63,-4.05,,-3.45,-3.3,-4.29,-3.54,-4.08,-4.41,-4.29,,,-3.6,-3.15,-3.99,-3.99,,,,-2.98,-3.75,-3.84,-4.26,-4.47,-3.84,,-4.05,-4.2,-3.27,-3.72,-1.47,
1871,23328,1/16/2016 23:00,-1.567222485,-0.48,-0.42,-1.56,-0.76,0.22,-0.73,-1.13,,0.11,-1.76,,-0.34,-0.54,-1.53,-0.34,-0.65,-1.93,-1.87,,,-0.12,-0.73,-2.07,-1.7,,,,0.27,0.3,-0.54,0.83,0.41,0.11,,0.27,0.41,0.14,0.0,-0.2,
2032,23489,1/23/2016 16:00,-6.760810024,-6.14,-6.07,-6.61,-6.83,-6.67,-6.33,-6.77,,-5.92,-8.53,,-4.11,-5.95,-6.64,-6.71,-6.36,-8.07,-8.26,,,-5.92,-6.14,-7.32,-7.94,,,,-5.2,-4.83,-5.51,-3.87,-5.2,-4.65,,-5.54,-5.14,-4.83,-2.8,-2.8,
2044,23501,1/24/2016 04:00,1.300318915,-10.93,-13.05,-11.9,-10.65,-15.51,-12.01,-13.89,,-13.35,-11.65,,-12.16,-12.38,-12.23,-14.12,-11.94,-12.16,-12.09,,,-16.12,-11.65,-11.58,-11.11,,,,-10.9,-11.58,-10.06,-13.73,-14.55,-14.28,,-12.68,-14.04,-10.37,-14.98,-5.82,
2054,23511,1/24/2016 14:00,-1.730088223,-3.12,-1.24,0.55,-5.2,-3.99,-3.54,2.24,,-4.35,-5.67,,-0.12,-2.45,-3.33,-3.96,-3.84,-6.14,-5.33,,,-2.51,-2.39,-4.96,-7.32,,,,0.47,-1.93,-0.51,0.99,-1.5,-1.24,,-2.77,-2.1,-3.15,-1.7,-2.86,
2096,23553,1/26/2016 08:00,1.237814531,-5.26,-5.89,-3.96,-5.85,-9.54,-5.2,-4.65,,-6.58,-3.24,,-5.98,-5.36,-5.11,-6.55,-3.18,-3.63,-3.51,,,-7.74,-4.68,-3.36,-4.05,,,,-4.17,-4.83,-4.5,-6.52,-5.76,-6.61,,-6.48,-6.64,-3.81,-7.84,-3.3,
2111,23568,1/26/2016 23:00,-1.420088993,1.34,1.53,0.3,1.24,2.56,0.83,0.72,,2.13,0.22,,1.48,1.26,0.25,1.72,1.43,0.0,0.02,,,1.43,1.32,-0.17,-0.14,,,,1.99,2.32,1.07,2.58,1.97,2.24,,2.61,2.56,2.1,2.66,-0.31,
2169,23626,1/29/2016 09:00,0.076761647,-3.39,-3.9,-3.15,-4.47,-5.48,-3.72,-2.63,,-5.05,-4.47,,-4.35,-3.93,-4.41,-3.96,-4.44,-4.47,-4.41,,,-4.93,-3.21,-3.96,-3.72,,,,-2.39,-4.14,-3.6,-4.23,-3.75,-3.93,,-4.62,-4.38,-2.92,-4.83,-2.74,
2173,23630,1/29/2016 13:00,-2.456388495,-0.26,0.08,-0.48,-0.51,0.72,-0.59,-0.03,,0.47,-2.16,,0.38,-0.45,-1.53,-0.14,-0.59,-1.81,-1.64,,,0.25,-0.34,-2.33,-1.7,,,,0.69,0.8,0.27,0.93,1.34,1.32,,0.5,0.61,0.36,0.88,-0.51,
2211,23668,1/31/2016 03:00,1.474958727,-2.28,-2.63,-0.4,-1.9,-3.36,-1.41,-0.56,,-1.99,0.88,,0.05,-0.4,-1.13,-1.73,1.78,0.11,0.36,,,0.47,-0.79,-0.93,-2.6,,,,-1.9,-2.02,-1.19,-2.16,-2.04,-1.67,,-2.63,-2.51,-1.53,-1.84,-1.38,
2242,31739,1/1/2017 10:00,-4.111226799,-2.1,-1.07,-1.53,-2.22,-0.45,-2.1,-1.19,-3.09,-1.21,-4.05,,-0.2,-0.96,-2.04,-1.7,-2.16,-4.11,-4.59,-1.76,-2.1,-0.68,-0.4,,,-1.47,,-1.33,-0.26,-0.45,-1.16,0.27,0.3,0.52,-1.84,-0.45,-0.34,-0.79,-0.68,-0.03,-0.09
2258,31755,1/2/2017 02:00,0.743066743,-7.64,-8.6,-7.45,-7.12,-11.43,-7.9,-9.1,-6.96,-9.07,-6.01,,-8.43,-7.94,-7.77,-8.97,-7.77,-7.09,-8.03,-7.61,-7.28,-11.25,-7.19,,,-8.0,,-8.33,-6.61,-7.38,-6.39,-9.13,-7.9,-7.45,-5.82,-8.07,-8.7,-5.67,-8.17,-6.64,-6.17
2272,31769,1/2/2017 16:00,-3.093617824,-3.04,-3.33,-2.71,-4.44,-4.26,-3.15,-3.75,-2.57,-3.09,-4.23,,-1.9,-2.92,-3.54,-2.57,-3.24,-4.53,-5.57,-2.95,-2.65,-3.72,-1.58,,,-4.77,,-2.22,-2.16,-1.87,-1.07,-0.62,-0.79,-1.96,-2.63,-3.12,-3.09,-1.96,-2.65,-1.24,-2.92
2277,31774,1/2/2017 21:00,0.574200944,-5.57,-6.48,-6.01,-6.07,-9.47,-5.89,-6.9,-5.11,-6.83,-6.52,,-6.42,-6.26,-6.61,-7.06,-6.42,-6.93,-7.45,-6.45,-5.7,-9.13,-5.57,,,-6.45,,-5.45,-4.26,-6.14,-4.47,-6.83,-5.67,-5.64,-4.71,-6.14,-6.2,-2.8,-6.67,-4.74,-3.93
2288,31785,1/3/2017 08:00,-0.478813016,-1.64,-1.76,-2.74,-2.07,-1.16,-1.76,-1.99,-3.07,-1.19,-2.77,,-1.56,-1.7,-2.71,-1.36,-1.81,-2.74,-2.71,-2.02,-1.64,-1.24,-1.67,,,-1.99,,-1.93,-1.24,-0.96,-2.16,-0.73,-0.79,-1.02,-1.93,-1.07,-0.79,-1.24,-3.57,-0.68,-1.99
2376,31873,1/7/2017 00:00,0.511129922,-14.12,-15.79,-15.71,-13.73,-17.42,-14.98,-16.12,-15.83,-16.41,-14.31,,-14.87,-14.16,-15.43,-16.04,-14.67,-15.39,-13.01,-15.14,-14.67,-17.94,-14.12,,,-14.51,,-14.83,-13.16,-14.12,-13.51,-15.71,-15.63,-14.51,-13.05,-14.51,-15.02,-12.6,-15.22,-14.43,-14.51
2389,31886,1/7/2017 13:00,-2.256002289,-9.95,-10.16,-11.22,-10.3,-9.24,-10.55,-10.23,-11.94,-9.68,-11.83,,-10.23,-10.44,-11.65,-10.06,-10.51,-11.72,-10.72,-10.76,-10.48,-9.95,-10.65,,,-11.36,,-11.08,-9.27,-8.8,-10.48,-8.8,-9.2,-9.89,-10.2,-9.27,-9.13,-9.07,-9.78,-9.89,-10.41
2450,31947,1/10/2017 02:00,2.934086039,-16.37,-17.3,-16.58,-16.08,-19.98,-16.79,-17.68,-14.71,-17.73,-16.24,,-17.64,-16.58,-16.2,-18.56,-16.96,-15.87,,-16.2,-16.41,-20.07,-15.95,,,-15.63,,-15.91,-15.26,-17.55,-15.31,-18.12,-17.73,-17.17,-15.22,-16.96,-17.3,-14.87,-17.94,-17.0,-15.02
2461,31958,1/10/2017 13:00,-1.100158403,-8.2,-7.32,-7.54,-7.9,-6.99,-7.22,-6.67,-7.71,-6.93,-7.97,,-4.68,-6.52,-7.54,-6.96,-5.89,-7.8,,-6.48,-6.9,-5.33,-4.77,,,-6.83,,-5.14,-6.93,-6.93,-7.03,-6.07,-6.26,-6.36,-7.9,-7.06,-6.99,-7.48,-6.99,-7.16,-7.94
2478,31975,1/11/2017 06:00,0.714865739,0.38,1.15,0.36,0.0,0.11,0.83,0.74,0.25,0.83,0.11,,1.48,1.21,0.08,1.7,0.99,-0.09,,0.99,0.85,1.53,1.64,,,0.61,,0.99,1.67,1.1,0.99,1.86,0.66,0.88,1.04,1.32,1.45,0.91,0.44,1.21,1.21
2523,32020,1/13/2017 03:00,-0.536821546,2.85,3.43,2.13,3.51,4.84,2.32,2.53,1.64,3.99,1.81,,3.59,2.42,1.48,4.22,3.49,1.32,,2.5,3.27,3.09,3.59,,,1.86,,2.4,4.09,4.19,2.98,3.93,3.27,2.72,3.83,4.45,3.3,3.43,3.62,5.39,3.51
2567,32064,1/14/2017 23:00,2.713932753,-8.5,-8.6,-9.68,-9.27,-9.41,-9.2,-9.41,-10.09,-8.33,-9.44,,-8.4,-9.07,-9.95,-8.13,-8.43,-9.68,,-8.9,-8.8,-7.9,-8.76,,,-9.27,,-9.0,-8.86,-9.61,-8.8,-9.68,-9.47,-8.86,-9.07,-7.8,-10.06,-7.87,-9.3,-9.1,-8.7
2570,32067,1/15/2017 02:00,-1.344795609,-8.26,-8.4,-9.75,-9.95,-8.53,-9.37,-9.03,-9.82,-9.03,-10.02,,-9.61,-9.41,-9.61,-8.86,-9.27,-10.16,,-10.13,-9.07,-8.07,-8.8,,,-9.68,,-9.07,-7.94,-8.07,-7.97,-7.45,-9.13,-8.63,-9.3,-7.8,-7.8,-7.16,-9.64,-6.9,-8.76
2591,32088,1/15/2017 23:00,1.487609634,-10.37,-10.51,-10.86,-9.17,-13.66,-10.23,-10.62,-9.71,-9.41,-9.54,,-9.58,-10.09,-10.2,-9.34,-8.73,-10.02,,-9.64,-9.1,-10.13,-9.3,,,-9.0,,-10.23,-9.37,-10.41,-10.06,-11.04,-9.75,-10.02,-8.9,-9.41,-10.76,-8.5,-10.2,-9.41,-10.44
2605,32102,1/16/2017 13:00,-1.596543507,-3.33,-1.21,0.77,-5.23,-2.86,-3.21,-1.3,-2.36,-3.27,-5.05,,0.08,-1.24,-3.75,-2.83,-3.09,-4.87,,-2.77,-5.08,-1.13,-0.56,,,-3.87,,-1.21,-0.37,-1.58,0.11,0.52,-0.99,-1.44,-2.25,-2.13,-1.87,-3.15,-1.99,-2.19,-0.59
2612,32109,1/16/2017 20:00,0.967126215,-3.07,-2.13,-3.21,-3.09,-4.56,-3.87,-3.42,-2.8,-2.86,-3.36,,-3.54,-4.38,-3.57,-2.57,-1.99,-2.8,,-2.74,-3.42,-3.01,-3.6,,,-5.17,,-4.05,-0.73,-2.22,-1.5,-1.13,-3.21,-3.39,-2.95,-2.31,-2.07,-1.84,-4.74,-0.51,-1.21
2616,32113,1/17/2017 00:00,-0.071675566,-3.07,-4.29,-3.96,-4.65,-4.53,-3.87,-4.05,-3.9,-3.87,-4.59,,-3.87,-5.14,-3.63,-3.9,-3.27,-3.93,,-3.66,-4.59,-4.71,-4.29,,,-4.68,,-4.99,-2.83,-3.63,-2.83,-3.09,-3.78,-3.36,-3.39,-2.07,-3.75,-1.79,-5.82,-1.1,-2.95
2671,32168,1/19/2017 07:00,0.646520612,-2.86,-3.04,-2.8,-2.1,-3.01,-3.04,-2.42,-2.68,-1.99,-2.86,,-2.63,-2.51,-2.19,-2.48,-2.02,-2.74,,-2.22,-2.22,-2.07,-2.04,,,-1.9,,-2.28,-2.63,-2.95,-2.31,-2.74,-2.8,-2.39,-1.99,-2.45,-2.68,-3.09,-2.39,-2.86,-2.16
2676,32173,1/19/2017 12:00,-0.158791834,0.05,0.55,-0.28,0.52,1.02,-0.28,-0.03,-1.64,0.72,-1.76,,0.61,-0.06,-1.16,0.63,-0.14,-1.64,,-0.06,0.22,0.91,0.66,,,-0.06,,0.33,3.04,2.4,1.53,1.26,1.15,0.77,0.38,1.32,0.72,0.88,0.66,0.83,2.4
2719,32216,1/21/2017 07:00,1.525799077,-0.28,-0.59,-0.76,-0.73,-1.02,-0.65,-0.54,-1.04,-0.06,-1.04,,-0.17,-0.56,-0.7,-0.23,-0.26,-0.68,,-0.79,-0.62,-0.37,-0.28,,,0.52,,-0.68,-0.31,-0.76,-0.06,-1.13,-0.99,-0.4,-0.23,0.11,-0.93,-0.85,-0.45,-1.02,-0.14
2724,32221,1/21/2017 12:00,-1.154391235,1.29,1.62,1.91,1.64,2.13,0.93,1.48,1.18,1.37,0.3,,1.26,0.88,1.21,1.02,1.1,0.25,,0.99,1.53,1.4,0.93,,,1.26,,0.33,2.77,2.88,2.18,1.75,2.24,1.94,2.02,2.48,1.7,2.26,2.32,1.81,2.72
2727,32224,1/21/2017 15:00,0.049658471,1.56,2.9,1.99,1.97,1.53,1.21,1.97,1.64,2.13,0.85,,1.64,0.85,1.26,1.34,1.7,0.69,,1.56,2.02,1.59,1.53,,,1.64,,1.26,2.66,2.29,2.61,1.99,2.66,1.64,2.45,3.09,1.86,2.72,2.34,2.42,2.72
2837,32334,1/26/2017 05:00,1.884853771,-1.02,-0.54,-0.31,0.25,-1.58,-0.34,-0.06,-0.2,-1.47,-0.09,,-0.06,-0.26,-0.34,-1.61,0.47,-0.82,,0.14,-0.34,-1.3,0.58,,,-0.96,,-0.2,-0.87,-1.13,0.11,-0.73,-0.73,-0.56,1.15,-1.27,-0.9,-0.96,-0.73,-0.62,1.04
2845,32342,1/26/2017 13:00,-1.929600658,3.35,4.79,5.87,2.96,3.85,3.14,4.38,2.74,3.83,1.13,,4.71,3.54,2.34,3.33,3.46,2.02,,3.49,2.88,3.88,3.67,,,2.61,,2.72,5.64,4.19,5.0,6.76,6.18,4.19,3.85,4.4,3.64,3.38,4.56,4.82,5.95
3725,49254,1/1/2019 05:00,0.041494108,,-0.2,-0.59,-0.31,0.0,-0.23,-0.26,-1.07,-0.06,-0.76,-1.1,-0.12,,-0.9,-0.2,-0.4,-0.73,-0.76,,-0.31,0.0,-0.09,-0.9,-0.62,-0.51,-0.14,-0.28,0.05,0.0,-0.09,0.33,-0.03,0.16,-0.23,-0.03,,0.05,,-0.06,1.53
3730,49259,1/1/2019 10:00,-6.434695042,,2.16,1.32,2.16,3.22,1.53,1.53,0.66,2.29,0.72,0.22,2.26,,0.66,2.26,2.07,0.63,0.99,,1.64,2.48,1.97,0.66,0.27,1.07,1.7,1.32,3.75,3.49,2.58,4.58,3.72,3.01,2.24,3.27,,2.88,,1.59,-1.47
3776,49305,1/3/2019 08:00,0.561546282,,-6.77,-7.16,-7.03,-7.19,-7.38,-6.99,-6.8,-7.03,-7.58,-7.74,-7.19,,-7.38,-7.35,-7.64,-7.48,-7.74,,-6.96,-7.54,-7.03,-6.42,-7.61,-7.35,-7.19,-7.28,-5.82,-6.77,-6.17,-6.2,-6.61,-6.64,-6.83,-6.67,,-5.95,,-4.68,-0.51
3780,49309,1/3/2019 12:00,-4.532162062,,-1.84,-0.93,-2.07,-1.47,-2.86,-1.99,-2.8,-2.04,-4.35,-4.71,-2.16,,-3.45,-2.16,-2.28,-3.87,-3.69,,-2.77,-1.58,-3.09,-4.99,-4.47,-3.45,-3.63,-3.96,-1.13,-1.76,0.44,-0.34,-0.62,-0.9,-1.79,-1.7,,-1.64,,-2.71,-2.57
3811,49340,1/4/2019 19:00,0.698783212,,-2.54,-1.81,-2.71,-4.23,-1.99,-2.98,-1.16,-2.33,-2.92,-2.89,-2.16,,-2.22,-2.28,-0.9,-1.93,-1.41,,-1.24,-3.96,-1.36,-1.7,-3.21,-3.18,-0.96,-2.6,-1.3,-1.7,-0.26,-2.13,-2.04,-1.64,-0.59,-2.04,,0.16,,-1.02,-0.51
3832,49361,1/5/2019 16:00,-0.942736284,,1.04,0.0,0.77,0.8,0.5,0.38,-0.73,1.29,-0.28,-0.76,1.04,,-0.12,0.77,1.04,-0.4,-0.2,,0.72,0.5,0.96,-0.06,-0.4,0.14,0.3,-0.06,1.86,1.43,1.02,1.15,1.07,0.63,1.15,1.51,,1.64,,-0.14,-1.36
3884,49413,1/7/2019 20:00,5.319532557,,-10.51,-10.27,-9.82,-13.43,-11.08,-9.89,-10.44,-12.01,-10.34,-11.25,-11.65,,-10.72,-11.9,-10.79,-10.34,-10.65,,-9.13,-13.7,-10.34,-10.23,-9.95,-11.36,-10.37,-10.16,-10.44,-11.94,-9.68,-11.58,-11.79,-11.15,-10.27,-11.47,,-10.86,,,-8.46
3889,49418,1/8/2019 01:00,-2.215848642,,-9.44,-10.72,-9.82,-9.34,-9.85,-10.3,-11.43,-9.41,-11.29,-11.87,-9.13,,-10.65,-9.75,-9.78,-11.29,-11.18,,-10.02,-8.8,-9.34,-11.01,-11.58,-10.23,-9.75,-9.71,-8.73,-8.73,-10.16,-8.36,-9.89,-9.54,-9.82,-9.1,,-9.61,,,-11.25
3903,49432,1/8/2019 15:00,0.231424811,,-4.71,-4.38,-4.05,-4.96,-5.48,-5.26,-5.3,-4.87,-4.93,-4.05,-5.39,,-5.26,-5.39,-5.17,-4.65,-5.48,,-5.26,-5.17,-5.14,-4.29,-4.71,-5.02,-5.36,-5.33,-3.93,-4.74,-4.32,-4.14,-4.68,-4.96,-4.68,-4.65,,-4.32,,,-2.25
4012,49541,1/13/2019 04:00,1.699528779,,-15.79,-16.04,-14.51,-19.33,-17.64,-16.2,-16.04,-18.83,-14.43,-14.12,-18.79,,-15.87,-18.83,-14.83,-14.71,-14.75,,-17.51,-20.31,-16.96,-13.7,-13.81,-15.83,-19.7,-19.29,-15.35,-18.43,-14.71,-17.47,-17.13,-17.3,-14.55,-18.16,,-15.63,,,-14.39
4020,49549,1/13/2019 12:00,-7.565124778,,-6.39,-5.14,-10.41,-11.25,-9.64,-6.8,-4.83,-11.94,-10.3,-10.27,-6.2,,-7.8,-11.51,-11.65,-11.01,-10.9,,-13.43,-10.51,-6.77,-8.2,-8.56,-8.53,-14.51,-12.12,-6.71,-7.94,-3.36,-6.39,-7.12,-7.35,-8.03,-9.89,,-10.69,,,-7.87
4027,49556,1/13/2019 19:00,1.107791037,,-14.12,-13.13,-12.75,-16.83,-13.93,-14.28,-12.83,-14.75,-12.45,-12.83,-14.12,,-13.28,-15.55,-13.28,-12.68,-13.2,,-13.43,-17.51,-12.53,-11.4,-12.38,-12.98,-14.91,-13.77,-12.75,-14.55,-11.76,-14.91,-13.89,-13.43,-12.38,-14.51,,-12.98,,,-12.34
4046,49575,1/14/2019 14:00,-3.135907847,,-4.41,-3.07,-8.63,-8.23,-5.67,-1.21,-3.39,-7.67,-7.9,-7.54,-1.56,,-5.51,-7.03,-6.48,-8.6,-8.23,,-8.2,-5.26,-4.11,-5.67,-7.8,-7.87,-9.89,-5.02,-3.07,-6.01,-2.25,-3.09,-5.08,-6.2,-5.3,-6.42,,-6.71,,,-8.36
4128,49657,1/18/2019 00:00,0.307295776,,-11.87,-13.09,-12.75,-14.0,-12.68,-12.42,-13.58,-12.6,-13.43,-14.28,-12.64,,-13.39,-12.34,-12.23,-13.58,-13.58,,-12.38,-13.97,-12.27,-13.43,-13.58,-13.32,-12.83,-12.83,-11.01,-12.23,-11.87,-12.49,-12.71,-12.16,-12.27,-12.09,,-11.72,,,-11.72
4138,49667,1/18/2019 10:00,-0.850210298,,-9.54,-9.64,-9.17,-8.86,-9.1,-8.36,-10.02,-8.63,-9.68,-10.62,-8.17,,-9.85,-9.13,-9.3,-9.99,-10.37,,-9.27,-8.8,-8.7,-9.68,-9.75,-9.61,-8.93,-9.85,-8.83,-8.86,-9.54,-8.23,-8.26,-9.13,-9.41,-8.73,,-8.8,,,-8.13
4245,49774,1/22/2019 21:00,3.132945851,,-15.87,-14.83,-14.83,-18.7,-15.47,-16.12,-13.73,-14.39,-15.02,-12.53,-15.59,,-15.83,-15.43,-15.47,-14.95,-14.28,,-14.55,-17.64,-14.51,-14.28,-15.31,-16.12,-13.32,-16.04,,-14.28,-13.51,-14.95,-14.98,-14.67,-13.7,-14.12,,-13.54,,,-11.18
4259,49788,1/23/2019 11:00,-1.743460893,,-7.28,-8.36,-7.03,-6.23,-7.41,-6.8,-8.36,-6.33,-8.56,-8.66,-5.82,,-7.94,-6.61,-6.83,-7.8,-7.8,,-6.96,-5.95,-6.83,-8.3,-7.94,-6.9,-7.03,-8.7,,-5.85,-7.74,-5.33,-5.51,-7.12,-6.77,-6.07,,-6.14,,,-6.14
4268,49797,1/23/2019 20:00,1.265534485,,-4.35,-3.75,-4.44,-5.23,-4.65,-4.08,-3.09,-4.99,-2.68,-3.93,-5.05,,-3.87,-5.26,-5.11,-3.15,-3.72,,-4.59,-5.42,-5.11,-2.48,-3.54,-4.83,-5.02,-5.08,,-4.23,-3.57,-3.99,-4.35,-4.56,-4.23,-4.14,,-3.51,,,-0.7
4289,49818,1/24/2019 17:00,-2.922842975,,3.22,3.27,3.78,1.59,3.43,3.01,2.4,3.83,3.09,3.59,3.7,,2.98,3.78,4.3,3.46,4.25,,3.93,3.14,3.72,2.45,3.14,3.41,4.35,2.26,,4.97,4.04,5.28,3.7,3.41,4.3,4.74,,4.74,,,-0.17
4343,49872,1/26/2019 23:00,2.18244856,,-15.02,-14.28,-14.12,-16.79,-14.51,-14.91,-13.97,-15.47,-12.45,-14.08,-14.79,,-15.06,-15.71,-13.77,-13.93,-14.12,,-13.58,-17.55,-13.93,-14.28,-14.98,-14.43,-13.81,-14.79,,-15.06,-12.64,-15.06,-14.51,-13.51,-11.43,-14.28,,-12.38,,,-12.27
4355,49884,1/27/2019 11:00,-4.027653499,,-6.77,-7.94,-7.03,-6.2,-6.77,-6.58,-8.53,-5.92,-8.53,-9.07,-6.2,,-7.74,-6.07,-7.03,-8.23,-8.36,,-6.33,-5.82,-6.2,-7.87,-8.13,-6.9,-6.2,-6.67,,-5.76,-6.8,-4.77,-5.23,-5.45,-6.8,-5.79,,-5.48,,,-5.92
4360,49889,1/27/2019 16:00,0.556681002,,-4.32,-4.83,-5.67,-5.51,-4.41,-4.17,-5.14,-4.83,-5.79,-6.61,-3.9,,-5.26,-4.65,-4.9,-5.89,-5.64,,-4.65,-4.71,-3.9,-5.23,-5.14,-5.08,-4.41,-4.14,,-4.35,-4.59,-3.48,-4.41,-4.62,-4.71,-4.83,,-4.53,,,-3.63
4365,49894,1/27/2019 21:00,-9.508996327,,-4.14,-5.36,-4.59,-2.92,-4.68,-5.26,-6.11,-4.17,-5.67,-6.23,-4.14,,-5.23,-4.38,-4.59,-5.57,-5.36,,-4.71,-3.66,-4.35,-5.82,-5.45,-4.77,-4.62,-4.71,,-2.86,-4.96,-2.39,-2.95,-2.57,-4.56,-3.39,,-3.18,,,-7.97
4389,49918,1/28/2019 21:00,0.654801147,,-15.55,-15.51,-14.51,-17.94,-15.26,-16.2,-15.18,-15.51,-15.31,-16.04,-15.31,,-15.63,-16.2,-15.47,-15.71,-16.28,,-14.87,-18.65,-14.43,-14.87,-15.35,-15.71,-14.28,-14.67,,-15.87,-14.04,-15.95,-15.71,-14.59,-14.67,-15.39,,-14.12,,,-15.18
4424,49953,1/30/2019 08:00,-3.244146266,,-7.84,-8.03,-7.9,-6.99,-8.3,-8.33,-8.53,-7.35,-8.86,-9.34,-8.07,,-9.0,-7.87,-8.3,-8.8,-9.13,,-8.23,-7.87,-8.26,-9.64,-8.46,-8.46,-8.07,-8.46,,-6.77,-7.48,-6.45,-7.09,-7.58,-7.77,-7.16,,-6.67,,,-7.35
